Options:
List of 23
 $ exp        : chr "S3"
 $ spec       : chr "static"
 $ pattern    : chr "grid"
 $ reps       : int 50
 $ rep_start  : int 1
 $ cores      : int 4
 $ out        : chr "/home/runner/work/_temp/sim_out"
 $ n_units    : int 150
 $ n_time     : int 12
 $ block_size : int 1
 $ G          : int 3
 $ delta      : num 1
 $ G_grid     : chr "1,2,3,4,5,6,7,8"
 $ p_active   : int 5
 $ p_inactive : int 10
 $ coef_k     : int 10
 $ n_starts   : int 6
 $ k_neighbors: int 8
 $ new_share  : num 0.2
 $ scr        : logi TRUE
 $ gw         : logi TRUE
 $ unit_labels: logi FALSE
 $ multipliers: chr "0.0625,0.25,1,4"
   BlockSize  T Phi Misassigned PhiHatUnitGraph PhiHatBlockGraph
1          1  1 0.0    0.331067           0.695            0.695
2          9  1 0.0    0.008933           2.566            0.678
3          1  2 0.0    0.182133           0.695            0.695
4          9  2 0.0    0.000133           2.566            0.678
5          1  4 0.0    0.079733           0.695            0.695
6          9  4 0.0    0.000000           2.566            0.678
7          1  8 0.0    0.016533           0.695            0.695
8          9  8 0.0    0.000000           2.566            0.678
9          1 12 0.0    0.003600           0.695            0.695
10         9 12 0.0    0.000000           2.566            0.678
11         1 24 0.0    0.000133           0.695            0.695
12         9 24 0.0    0.000000           2.566            0.678
13         1  1 0.5    0.060533           0.695            0.695
14         9  1 0.5    0.002533           2.566            0.678
15         1  2 0.5    0.037333           0.695            0.695
16         9  2 0.5    0.000133           2.566            0.678
17         1  4 0.5    0.018267           0.695            0.695
18         9  4 0.5    0.000000           2.566            0.678
19         1  8 0.5    0.003467           0.695            0.695
20         9  8 0.5    0.000000           2.566            0.678
21         1 12 0.5    0.001333           0.695            0.695
22         9 12 0.5    0.000000           2.566            0.678
23         1 24 0.5    0.000000           0.695            0.695
24         9 24 0.5    0.000000           2.566            0.678
25         1  1 1.0    0.062533           0.695            0.695
26         9  1 1.0    0.002267           2.566            0.678
27         1  2 1.0    0.039333           0.695            0.695
28         9  2 1.0    0.000133           2.566            0.678
29         1  4 1.0    0.020400           0.695            0.695
30         9  4 1.0    0.000000           2.566            0.678
31         1  8 1.0    0.003467           0.695            0.695
32         9  8 1.0    0.000000           2.566            0.678
33         1 12 1.0    0.000933           0.695            0.695
34         9 12 1.0    0.000000           2.566            0.678
35         1 24 1.0    0.000000           0.695            0.695
36         9 24 1.0    0.000000           2.566            0.678
37         1  1 2.0    0.073600           0.695            0.695
38         9  1 2.0    0.005333           2.566            0.678
39         1  2 2.0    0.052000           0.695            0.695
40         9  2 2.0    0.000533           2.566            0.678
41         1  4 2.0    0.032267           0.695            0.695
42         9  4 2.0    0.000000           2.566            0.678
43         1  8 2.0    0.008933           0.695            0.695
44         9  8 2.0    0.000000           2.566            0.678
45         1 12 2.0    0.002400           0.695            0.695
46         9 12 2.0    0.000000           2.566            0.678
47         1 24 2.0    0.000133           0.695            0.695
48         9 24 2.0    0.000000           2.566            0.678
   WithinBlockNeighbourShare
1                      0.000
2                      0.831
3                      0.000
4                      0.831
5                      0.000
6                      0.831
7                      0.000
8                      0.831
9                      0.000
10                     0.831
11                     0.000
12                     0.831
13                     0.000
14                     0.831
15                     0.000
16                     0.831
17                     0.000
18                     0.831
19                     0.000
20                     0.831
21                     0.000
22                     0.831
23                     0.000
24                     0.831
25                     0.000
26                     0.831
27                     0.000
28                     0.831
29                     0.000
30                     0.831
31                     0.000
32                     0.831
33                     0.000
34                     0.831
35                     0.000
36                     0.831
37                     0.000
38                     0.831
39                     0.000
40                     0.831
41                     0.000
42                     0.831
43                     0.000
44                     0.831
45                     0.000
46                     0.831
47                     0.000
48                     0.831

Elapsed: 48.74845 secs 
